<?xml version="1.0"?>
<opencv_storage>
<intrinsic type_id="opencv-matrix">
  <rows>3</rows>
  <cols>3</cols>
  <dt>d</dt>
  <data>
    8.4537390606575025e+02 0. 3.7070407272616217e+02 0.
    8.4533873989561221e+02 2.5169516681416258e+02 0. 0. 1.</data></intrinsic>
<distCoeffs type_id="opencv-matrix">
  <rows>1</rows>
  <cols>5</cols>
  <dt>d</dt>
  <data>
    7.0243363628291783e-02 1.0552099496758256e-01 1.6407974655203220e-02
    1.5111863809474943e-02 -1.4549368054717260e+00</data></distCoeffs>
</opencv_storage>
